0	2	1.0
0	3	1.0
0	4	1.0
0	5	1.0
0	6	0.0
0	8	1.0
0	9	1.0
0	10	1.0
0	11	1.0
0	12	1.0
0	13	1.0
0	14	1.0
0	16	1.0
0	17	1.0
0	19	0.0
0	20	0.0
0	21	1.0
0	23	1.0
0	24	1.0
1	0	1.0
1	3	0.0
1	4	1.0
1	5	1.0
1	6	1.0
1	7	1.0
1	8	1.0
1	9	1.0
1	10	0.0
1	12	1.0
1	14	1.0
1	15	0.0
1	16	0.0
1	18	1.0
1	19	1.0
1	20	1.0
1	21	1.0
1	22	1.0
1	23	1.0
1	24	1.0
2	0	1.0
2	1	1.0
2	3	1.0
2	4	1.0
2	5	1.0
2	7	0.0
2	8	1.0
2	9	1.0
2	10	0.0
2	12	1.0
2	13	1.0
2	14	0.0
2	15	1.0
2	16	0.0
2	17	0.0
2	18	1.0
2	19	1.0
2	20	1.0
2	21	1.0
2	22	0.0
2	23	1.0
2	24	1.0
3	0	1.0
3	1	0.0
3	2	1.0
3	4	1.0
3	5	0.0
3	6	1.0
3	8	0.0
3	9	1.0
3	11	0.0
3	13	1.0
3	14	1.0
3	15	0.0
3	16	1.0
3	17	1.0
3	18	1.0
3	19	1.0
3	20	1.0
3	22	1.0
3	23	1.0
3	24	1.0
4	1	1.0
4	2	1.0
4	3	1.0
4	5	1.0
4	6	1.0
4	7	0.0
4	8	1.0
4	9	1.0
4	10	0.0
4	11	1.0
4	12	1.0
4	13	1.0
4	14	0.0
4	16	1.0
4	17	1.0
4	18	1.0
4	19	1.0
4	20	1.0
4	21	1.0
4	22	1.0
4	23	0.0
4	24	1.0
5	0	1.0
5	1	1.0
5	3	0.0
5	4	1.0
5	6	1.0
5	8	1.0
5	10	0.0
5	11	1.0
5	14	0.0
5	15	1.0
5	18	1.0
5	19	1.0
5	20	0.0
5	21	0.0
5	23	1.0
5	24	1.0
6	0	0.0
6	1	1.0
6	2	1.0
6	3	1.0
6	4	1.0
6	5	1.0
6	8	1.0
6	10	1.0
6	11	1.0
6	15	1.0
6	18	1.0
6	20	0.0
6	21	1.0
6	22	1.0
6	23	0.0
6	24	1.0
7	0	1.0
7	2	0.0
7	3	1.0
7	4	0.0
7	6	1.0
7	8	1.0
7	9	1.0
7	10	1.0
7	11	0.0
7	13	0.0
7	14	1.0
7	16	0.0
7	19	1.0
7	21	0.0
7	22	1.0
7	23	1.0
7	24	1.0
8	0	1.0
8	1	1.0
8	2	1.0
8	4	1.0
8	5	1.0
8	6	1.0
8	9	1.0
8	11	0.0
8	14	1.0
8	15	1.0
8	16	1.0
8	17	1.0
8	18	0.0
8	19	1.0
8	20	0.0
8	22	0.0
8	23	0.0
8	24	0.0
9	0	1.0
9	2	1.0
9	3	1.0
9	4	1.0
9	8	1.0
9	10	1.0
9	11	0.0
9	12	1.0
9	13	1.0
9	14	1.0
9	15	0.0
9	16	1.0
9	18	0.0
9	20	0.0
9	21	0.0
9	22	0.0
9	23	1.0
9	24	1.0
10	0	1.0
10	1	0.0
10	2	0.0
10	3	1.0
10	4	0.0
10	5	0.0
10	7	1.0
10	8	1.0
10	11	1.0
10	12	1.0
10	13	0.0
10	14	1.0
10	16	1.0
10	17	0.0
10	18	0.0
10	19	0.0
10	20	0.0
10	21	1.0
10	22	1.0
10	23	1.0
10	24	1.0
11	0	1.0
11	1	0.0
11	2	0.0
11	4	1.0
11	5	1.0
11	6	1.0
11	9	0.0
11	10	1.0
11	12	1.0
11	13	1.0
11	14	1.0
11	15	1.0
11	16	0.0
11	17	1.0
11	18	0.0
11	20	1.0
11	21	0.0
11	23	0.0
11	24	0.0
12	0	1.0
12	1	1.0
12	2	1.0
12	3	1.0
12	4	1.0
12	5	1.0
12	7	1.0
12	8	1.0
12	9	1.0
12	11	1.0
12	13	0.0
12	14	1.0
12	15	0.0
12	16	0.0
12	18	1.0
12	19	0.0
12	20	1.0
12	22	0.0
12	23	0.0
13	0	1.0
13	1	1.0
13	2	1.0
13	3	1.0
13	5	1.0
13	6	1.0
13	8	1.0
13	9	1.0
13	12	0.0
13	14	1.0
13	15	1.0
13	16	1.0
13	17	1.0
13	18	1.0
13	19	1.0
13	20	1.0
13	21	1.0
13	23	1.0
13	24	1.0
14	2	0.0
14	4	0.0
14	5	0.0
14	7	1.0
14	8	1.0
14	10	1.0
14	12	1.0
14	15	1.0
14	16	0.0
14	18	0.0
14	19	1.0
14	20	1.0
14	21	0.0
14	22	1.0
14	24	0.0
15	0	1.0
15	2	1.0
15	3	0.0
15	4	0.0
15	6	1.0
15	7	0.0
15	8	1.0
15	9	0.0
15	10	1.0
15	12	0.0
15	13	1.0
15	14	1.0
15	16	1.0
15	17	0.0
15	18	0.0
15	19	1.0
15	20	1.0
15	21	0.0
15	22	1.0
15	23	1.0
15	24	1.0
16	0	1.0
16	1	0.0
16	3	1.0
16	4	1.0
16	5	1.0
16	6	1.0
16	9	1.0
16	10	1.0
16	11	0.0
16	13	1.0
16	14	0.0
16	17	0.0
16	18	0.0
16	19	0.0
16	20	0.0
16	21	1.0
16	22	1.0
16	24	0.0
17	0	1.0
17	2	0.0
17	3	1.0
17	4	1.0
17	5	1.0
17	6	0.0
17	7	0.0
17	8	1.0
17	9	1.0
17	10	0.0
17	11	1.0
17	12	0.0
17	13	1.0
17	14	0.0
17	15	0.0
17	16	0.0
17	19	0.0
17	20	1.0
17	23	0.0
17	24	1.0
18	0	1.0
18	1	1.0
18	2	1.0
18	3	1.0
18	4	1.0
18	6	1.0
18	7	1.0
18	9	0.0
18	10	0.0
18	11	0.0
18	13	1.0
18	14	0.0
18	16	0.0
18	19	0.0
18	20	1.0
18	21	1.0
18	22	0.0
18	23	0.0
18	24	0.0
19	0	0.0
19	2	1.0
19	3	1.0
19	4	1.0
19	5	1.0
19	6	0.0
19	7	1.0
19	8	1.0
19	10	0.0
19	11	1.0
19	12	0.0
19	13	1.0
19	14	1.0
19	15	1.0
19	17	0.0
19	18	0.0
19	20	0.0
19	21	1.0
19	22	1.0
19	23	0.0
19	24	1.0
20	0	0.0
20	2	1.0
20	3	1.0
20	4	1.0
20	5	0.0
20	7	0.0
20	8	0.0
20	9	0.0
20	10	0.0
20	11	1.0
20	13	1.0
20	14	1.0
20	15	1.0
20	16	0.0
20	17	1.0
20	18	1.0
20	19	0.0
20	21	1.0
20	22	1.0
20	23	1.0
20	24	0.0
21	0	1.0
21	2	1.0
21	3	1.0
21	4	1.0
21	5	0.0
21	6	1.0
21	7	0.0
21	8	1.0
21	9	0.0
21	10	1.0
21	11	0.0
21	13	1.0
21	15	0.0
21	16	1.0
21	18	1.0
21	19	1.0
21	20	1.0
21	23	1.0
22	0	0.0
22	2	0.0
22	3	1.0
22	4	1.0
22	6	1.0
22	7	1.0
22	8	0.0
22	10	1.0
22	11	1.0
22	12	0.0
22	13	1.0
22	14	1.0
22	15	1.0
22	16	1.0
22	17	1.0
22	18	0.0
22	19	1.0
22	20	1.0
22	23	0.0
23	1	1.0
23	3	1.0
23	4	0.0
23	5	1.0
23	6	0.0
23	7	1.0
23	8	0.0
23	10	1.0
23	11	0.0
23	12	0.0
23	13	1.0
23	14	1.0
23	15	1.0
23	16	0.0
23	17	0.0
23	19	0.0
23	20	1.0
23	21	1.0
23	22	0.0
23	24	1.0
24	0	1.0
24	1	1.0
24	2	1.0
24	3	1.0
24	4	1.0
24	5	1.0
24	6	1.0
24	7	1.0
24	8	0.0
24	9	1.0
24	10	1.0
24	11	0.0
24	12	1.0
24	13	1.0
24	14	0.0
24	15	1.0
24	16	0.0
24	17	1.0
24	18	0.0
24	19	1.0
24	20	0.0
24	21	0.0
24	22	1.0
24	23	1.0
