0	0	0.5792357761763203
0	1	0.8034665712301672
0	2	0.6194292469435183
0	3	0.17649495639106194
0	4	0.8060242892584343
1	0	0.6827529984508526
1	1	0.9507277751736919
1	2	0.0478506511751029
1	3	0.20633921372014008
1	4	0.45561230551825105
2	0	0.7366941882042511
2	1	0.7057502260129972
2	2	0.409687776988767
2	3	0.6342434334422986
2	4	0.7759590404574512
3	0	0.7463707164805945
3	1	0.5291470760959927
3	2	0.3983360401337316
3	3	0.7945151429355797
3	4	0.8661602833154564
4	0	0.9894894054213611
4	1	0.6808547964323788
4	2	0.6763305368326381
4	3	0.6124616827712146
4	4	0.2678029350974198
5	0	0.25337873353346574
5	1	0.7861467294295661
5	2	0.9564718384694202
5	3	0.24875700814390111
5	4	0.7218529731254316
6	0	0.4593890013338572
6	1	0.7429864315063379
6	2	0.26648202787718267
6	3	0.40392932387303226
6	4	0.04426056423060154
7	0	0.8192781908288564
7	1	0.5275112807531296
7	2	0.3265054975078001
7	3	0.18792571790678048
7	4	0.8410132759179595
8	0	0.3774791277676802
8	1	0.734258120153843
8	2	0.6440307019325395
8	3	0.9807806629611573
8	4	0.3344013503433153
9	0	0.9950236999497035
9	1	0.22844666860742202
9	2	0.43864833988465635
9	3	0.8785001888799571
9	4	0.018825427189748
10	0	0.77581267613498
10	1	0.9372634220372376
10	2	0.7927482274281152
10	3	0.4470283316389675
10	4	0.10259804608270706
11	0	0.5169039052321283
11	1	0.066402932146161
11	2	0.346142828579035
11	3	0.8053129396097592
11	4	0.34548449865075515
12	0	0.8553596229569497
12	1	0.6554461410140416
12	2	0.8622592886730186
12	3	0.6268106499113708
12	4	0.5198893504475285
13	0	0.7526151805310652
13	1	0.4832675985050203
13	2	0.24237557002068677
13	3	0.632019105421739
13	4	0.90622341902356
14	0	0.9245684597658999
14	1	0.12118204395970222
14	2	0.016586557759413534
14	3	0.9015818904443266
14	4	0.39085875993386
15	0	0.7670864530927137
15	1	0.10541095005823098
15	2	0.10903681063727977
15	3	0.8722818822141034
15	4	0.5465114195877202
16	0	0.3765317009204673
16	1	0.16190047529265916
16	2	0.20850134650130292
16	3	0.8714581005178887
16	4	0.08982171284186624
17	0	0.3452541096051852
17	1	0.9477834384461836
17	2	0.13811169348134245
17	3	0.11733191544452815
17	4	0.8401716576062356
18	0	0.28695320470998387
18	1	0.3161022187156791
18	2	0.38212339759853164
18	3	0.04019478817484945
18	4	0.9380055051021603
19	0	0.477277709557562
19	1	0.613296726035088
19	2	0.5730984210183822
19	3	0.7728227323274008
19	4	0.9129117846057131
20	0	0.4308341905616063
20	1	0.6353643601084946
20	2	0.9734223672431846
20	3	0.015424804241537915
20	4	0.7814069500854564
21	0	0.4053677939326852
21	1	0.886040993656761
21	2	0.3589818888575783
21	3	0.12395432245054028
21	4	0.43292173496117925
22	0	0.052304044174365405
22	1	0.6891949368172061
22	2	0.9183577997995902
22	3	0.5925089013922722
22	4	0.24054611695974848
23	0	0.4331482819924529
23	1	0.28626168819057274
23	2	0.31785365550449995
23	3	0.22222669727859512
23	4	0.4296686323560429
24	0	0.37625621013086996
24	1	0.9860035847775974
24	2	0.8168250401712626
24	3	0.8643952365108396
24	4	0.8637349751008849
0	5	0.5225090063367668
0	6	0.4181148142791115
0	7	0.3412389183817482
0	8	0.4112253482165464
0	9	0.6738344647130048
1	5	0.5701202447348337
1	6	0.6276431528793748
1	7	0.5693828036152925
1	8	0.619648343243887
1	9	0.3295654012558299
2	5	0.49064941218869995
2	6	0.5933067419725016
2	7	0.2529772826119264
2	8	0.5419079564221538
2	9	0.5036687154000579
3	5	0.5231502788679603
3	6	0.7759630556630122
3	7	0.8422362727674955
3	8	0.5231538704489221
3	9	0.4469203669348259
4	5	0.25137235411110515
4	6	0.4578873709978656
4	7	0.40519620989237837
4	8	0.5583609574104333
4	9	0.533243231340374
5	5	0.3117508723077774
5	6	0.4766148375626627
5	7	0.4578435960367326
5	8	0.4582822961810552
5	9	0.4938356824284895
6	5	0.5375191550033593
6	6	0.5908791299105121
6	7	0.6027731963319582
6	8	0.47117565006955814
6	9	0.3963962006290284
7	5	0.4062541826027809
7	6	0.5367992132739359
7	7	0.5587931146516891
7	8	0.31050869104921697
7	9	0.5016582598137509
8	5	0.686524911941582
8	6	0.43968309874230604
8	7	0.3533672825051017
8	8	0.756031385189921
8	9	0.5208410817362603
9	5	0.5173541219031148
9	6	0.6572288543620026
9	7	0.6233241255917072
9	8	0.6719882943781301
9	9	0.431721346128729
10	5	0.5462399534484023
10	6	0.369175747467301
10	7	0.6684681218872908
10	8	0.5121081821063296
10	9	0.57723610469071
11	5	0.7580882671585085
11	6	0.4166198236391111
11	7	0.21067097762043502
11	8	0.36210225025776116
11	9	0.5218854883299272
12	5	0.43061247430961436
12	6	0.6064493354018945
12	7	0.5034888453144768
12	8	0.5052966331286453
12	9	0.6490384502217912
13	5	0.5921018683359266
13	6	0.5584421008500542
13	7	0.512198915471878
13	8	0.2752789556106647
13	9	0.48793260726856824
14	5	0.4302738853840678
14	6	0.500136937714988
14	7	0.4692894859540931
14	8	0.4204922598874945
14	9	0.5639170505884706
15	5	0.4798540017377915
15	6	0.5626656853736315
15	7	0.6829513999232572
15	8	0.44602813697486726
15	9	0.31317662897212817
16	5	0.4580715294235732
16	6	0.5528435034549473
16	7	0.4171232354508939
16	8	0.386323257693121
16	9	0.4289532809558807
17	5	0.5467153269397641
17	6	0.3784279144264629
17	7	0.6161424999122093
17	8	0.5801861312049186
17	9	0.4150491209742568
18	5	0.46982014085197565
18	6	0.5785864473957056
18	7	0.1420399694202425
18	8	0.5369817182031889
18	9	0.48235078774107026
19	5	0.576431697138559
19	6	0.6101868272033847
19	7	0.5529677683969902
19	8	0.45472694383618817
19	9	0.4959440470528321
20	5	0.6782042448176956
20	6	0.37553139031477023
20	7	0.5618040543502267
20	8	0.3544309265374359
20	9	0.39808667976299417
21	5	0.45451919453973233
21	6	0.5538542763256472
21	7	0.4975044853841563
21	8	0.5009979212199371
21	9	0.4700521055033772
22	5	0.3878714673103914
22	6	0.5964952230591398
22	7	0.49755652477971707
22	8	0.5154692649102113
22	9	0.4290385547434781
23	5	0.787355199808126
23	6	0.8614602347858826
23	7	0.33239910449149657
23	8	0.3186079827711329
23	9	0.40234666086256843
24	5	0.6796587014994631
24	6	0.26627975471024035
24	7	0.7073800385597252
24	8	0.6337447308112257
24	9	0.37781658298919585
